
maxdiff     : 0.264969
meandiff    : 0.00650579
